1 2
2 9
3 6
4 24
5 10
6 10
7 2
8 4
9 8
10 6
11 25
12 3
13 15
14 1
15 6
16 3
17 13
18 3
19 2
20 3
21 6
22 6
23 2
24 6
25 10
26 8
27 2
28 3
29 3
30 1
31 2
32 4
33 2
34 9
35 6
36 4
37 6
38 2
39 1
40 10
41 41
42 9
43 1
44 1
45 3
46 3
47 2
48 5
49 6
50 7
51 10
52 3
53 2
54 2
55 9
56 3
57 4
58 28
59 2
60 9
61 2
62 4
63 15
64 1
65 1
66 2
67 4
68 4
69 3
70 6
71 10
72 5
73 2
74 3
75 2
76 3
77 27
78 5
79 9
80 3
81 9
82 4
83 8
84 2
85 1
86 14
87 6
88 3
89 5
90 5
91 1
92 3
93 1
94 2
95 6
96 2
97 1
98 16
99 3
100 2
101 27
102 3
103 10
104 1
105 3
106 2
107 7
108 6
109 5
110 3
111 12
112 2
113 33
114 4
115 3
116 2
117 6
118 15
119 8
120 15
121 1
122 18
123 12
124 9
125 5
126 12
127 31
128 2
129 2
130 8
131 6
132 4
133 4
134 1
135 8
136 3
137 1
138 10
139 2
140 4
141 53
142 15
143 12
144 5
145 4
146 6
147 13
148 1
149 8
150 2
151 2
152 4
153 2
154 2
155 3
156 2
157 1
158 6
159 1
160 8
161 3
162 13
163 9
164 1
165 18
166 16
167 4
168 1
169 16
170 7
171 2
172 6
173 3
174 3
175 1
176 7
177 9
178 4
179 8
180 3
181 1
182 1
183 21
184 2
185 2
186 4
187 2
188 6
189 1
190 3
191 2
192 4
193 2
194 2
195 6
196 14
197 5
198 1
199 4
200 15
201 18
202 18
203 1
204 1
205 12
206 2
207 13
208 114
209 6
210 1
211 1
212 3
213 1
214 2
215 13
216 1
217 31
218 1
219 4
220 1
221 8
222 5
223 1
224 6
225 3
226 1
227 2
228 2
229 4
230 15
231 1
232 12
233 9
234 1
235 2
236 2
237 3
238 1
239 15
240 2
241 3
242 5
243 6
244 17
245 20
246 7
247 1
248 4
249 2
250 10
251 4
252 1
253 4
254 1
255 2
256 1
257 3
258 2
259 4
260 1
261 2
262 22
263 6
264 10
265 1
266 12
267 2
268 3
269 2
270 10
271 4
272 1
273 8
274 1
275 4
276 3
277 1
278 3
279 3
280 1
281 12
282 4
283 2
284 2
285 2
286 6
287 2
288 2
289 2
290 4
291 9
292 3
293 2
294 2
295 3
296 40
297 53
298 9
299 7
300 4
301 10
302 2
303 3
304 28
305 27
306 10
307 1
308 8
309 4
310 14
311 3
312 3
313 6
314 4
315 3
316 10
317 2
318 2
319 9
320 3
321 1
322 3
323 9
324 12
325 2
326 7
327 18
328 10
329 36
330 132
331 6
332 2
333 1
334 6
335 12
336 6
337 10
338 4
339 25
340 6
341 2
342 25
343 23
344 4
345 5
346 8
347 4
348 24
349 1
350 10
351 12
352 5
353 4
354 11
355 4
356 10
357 2
358 2
359 5
360 1
361 1
362 2
363 3
364 15
365 22
366 4
367 1
368 25
369 3
370 8
371 6
372 2
373 24
374 7
375 14
376 24
377 2
378 10
379 12
380 11
381 7
382 2
383 1
384 12
385 10
386 1
387 11
388 25
389 3
390 3
391 6
392 22
393 3
394 1
395 4
396 4
397 5
398 1
399 11
400 5
401 4
402 2
403 6
404 4
405 1
406 1
407 4
408 2
409 1
410 5
411 5
412 4
413 32
414 9
415 1
416 12
417 10
418 2
419 2
420 7
421 9
422 3
423 5
424 2
425 3
426 4
427 5
428 10
429 6
430 8
431 4
432 1
433 2
434 9
435 3
436 21
437 4
438 2
439 6
440 9
441 22
442 6
443 2
444 1
445 4
446 4
447 6
448 6
449 6
450 1
451 1
452 5
453 3
454 7
455 4
456 1
457 4
458 3
459 2
460 95
461 18
462 2
463 4
464 8
465 6
466 3
467 4
468 4
469 5
470 4
471 3
472 13
473 4
474 2
475 2
476 22
477 2
478 1
479 10
480 6
481 4
482 1
483 12
484 1
485 11
486 56
487 2
488 2
489 1
490 14
491 2
492 2
493 1
494 6
495 2
496 2
497 21
498 2
499 6
500 6
501 19
502 2
503 2
504 51
505 2
506 62
507 25
508 2
509 6
510 13
511 1
512 4
513 3
514 1
515 7
516 3
517 7
518 7
519 3
520 2
521 1
522 2
523 1
524 2
525 1
526 3
527 2
528 4
529 9
530 2
531 1
532 2
533 4
534 2
535 4
536 7
537 24
538 1
539 40
540 1
541 40
542 6
543 12
544 5
545 4
546 2
547 1
548 1
549 9
550 2
551 6
552 3
553 2
554 11
555 1
556 1
557 1
558 2
559 2
560 5
561 2
562 2
563 4
564 10
565 10
566 15
567 1
568 2
569 10
570 9
571 3
572 4
573 10
574 2
575 13
576 4
577 3
578 4
579 52
580 2
581 2
582 4
583 6
584 16
585 12
586 10
587 2
588 2
589 3
590 1
591 2
592 4
593 5
594 6
595 6
596 17
597 2
598 1
599 1
600 4
601 4
602 2
603 1
604 3
605 2
606 4
607 10
608 8
609 1
610 2
611 1
612 4
613 1
614 12
615 18
616 3
617 2
618 3
619 1
620 6
621 2
622 7
623 2
624 1
625 2
626 3
627 1
628 3
629 1
630 11
631 19
632 1
633 9
634 9
635 16
636 11
637 1
638 1
639 4
640 15
641 2
642 6
643 17
644 3
645 10
646 1
647 13
648 2
649 36
650 2
651 3
652 2
653 8
654 2
655 2
656 3
657 4
658 4
659 4
660 4
661 2
662 1
663 4
664 1
665 23
666 10
667 2
668 1
669 15
670 4
671 3
672 1
673 3
674 7
675 2
676 12
677 28
678 4
679 1
680 2
681 3
682 4
683 2
684 13
685 1
686 4
687 6
688 6
689 8
690 6
691 7
692 2
693 3
694 21
695 4
696 2
697 3
698 4
699 6
700 4
701 8
702 8
703 1
704 1
705 4
706 1
707 3
708 10
709 16
710 31
711 3
712 2
713 1
714 13
715 15
716 16
717 2
718 2
719 12
720 1
721 2
722 7
723 5
724 3
725 1
726 3
727 1
728 2
729 2
730 18
731 3
732 3
733 4
734 1
735 10
736 3
737 2
738 21
739 2
740 2
741 3
742 9
743 2
744 12
745 14
746 2
747 1
748 3
749 1
750 3
751 4
752 6
753 3
754 1
755 4
756 34
757 4
758 2
759 2
760 12
761 12
762 6
763 4
764 2
765 11
766 4
767 10
768 46
769 7
770 2
771 1
772 2
773 3
774 28
775 1
776 15
777 22
778 4
779 7
780 35
781 1
782 6
783 3
784 7
785 5
786 2
787 1
788 2
789 3
790 6
791 2
792 1
793 3
794 6
795 7
796 2
797 8
798 3
799 18
800 1
801 6
802 1
803 6
804 2
805 3
806 10
807 4
808 4
809 3
810 34
811 6
812 3
813 2
814 1
815 2
816 9
817 3
818 18
819 26
820 4
821 8
822 3
823 2
824 18
825 3
826 6
827 8
828 12
829 1
830 2
831 6
832 2
833 10
834 6
835 1
836 16
837 7
838 4
839 2
840 15
841 2
842 23
843 4
844 2
845 12
846 2
847 3
848 4
849 2
850 4
851 1
852 11
853 8
854 1
855 1
856 4
857 17
858 6
859 10
860 3
861 3
862 15
863 1
864 3
865 8
866 4
867 2
868 4
869 2
870 4
871 3
872 6
873 3
874 1
875 1
876 4
877 6
878 1
879 1
880 2
881 3
882 5
883 2
884 1
885 2
886 1
887 2
888 13
889 7
890 3
891 1
892 2
893 18
894 4
895 2
896 1
897 10
898 8
899 4
900 7
901 11
902 4
903 20
904 12
905 6
906 8
907 3
908 7
909 4
910 2
911 2
912 6
913 3
914 13
915 5
916 3
917 6
918 8
919 16
920 7
921 3
922 2
923 3
924 6
925 1
926 2
927 6
928 2
929 16
930 8
931 4
932 32
933 2
934 6
935 3
936 20
937 2
938 14
939 5
940 2
941 27
942 15
943 4
944 1
945 18
946 1
947 23
948 26
949 1
950 1
951 1
952 12
953 1
954 9
955 19
956 1
957 5
958 3
959 4
960 11
961 3
962 1
963 4
964 36
965 1
966 3
967 6
968 3
969 2
970 5
971 7
972 7
973 2
974 6
975 15
976 6
977 6
978 1
979 5
980 3
981 4
982 12
983 4
984 14
985 5
986 3
987 1
988 3
989 1
990 12
991 9
992 5
993 2
994 1
995 4
996 6
997 5
998 2
999 2
1000 6
sum 6871