1 32
2 181764
3 40002
4 84799008
5 1831120
6 398560
7 32
8 1024
9 10368
10 3750
11 25914054
12 3555
13 3489375
14 1
15 1536
16 450
17 371293
18 243
19 162
20 1188
21 7872
22 7776
23 2
24 486
25 100000
26 32768
27 32
28 3
29 243
30 1
31 0
32 324
33 0
34 1320720
35 7776
36 3830
37 486
38 32
39 0
40 223123
41 1228287411
42 10497
43 1
44 1
45 243
46 243
47 32
48 80
49 7776
50 9072
51 94717
52 3
53 32
54 32
55 179664
56 48
57 4
58 49389744
59 32
60 226368
61 32
62 1024
63 759375
64 0
65 0
66 314
67 1024
68 3016
69 3
70 10518
71 1049760
72 3125
73 0
74 3
75 32
76 768
77 197427
78 0
79 106629
80 7203
81 59049
82 3428
83 239938
84 162
85 153
86 57344
87 1536
88 243
89 11975
90 12005
91 16
92 243
93 0
94 32
95 1536
96 32
97 1
98 14548905
99 3
100 32
101 28059903
102 7203
103 67450
104 1
105 528
106 2592
107 276528
108 486
109 12152
110 243
111 7065
112 512
113 13689088457
114 1024
115 243
116 32
117 7776
118 1289295
119 32768
120 7700976
121 1
122 1072245
123 3549312
124 1271673
125 3125
126 746892
127 199363599
128 32
129 2
130 77787
131 7776
132 0
133 1024
134 1
135 10368
136 1875
137 81
138 24010
139 512
140 1024
141 6257079418
142 2486031
143 248832
144 125
145 1024
146 486
147 6733368
148 1
149 10368
150 2
151 0
152 12336
153 2
154 32
155 243
156 32
157 0
158 7776
159 16
160 52488
161 243
162 53248
163 59049
164 0
165 815210
166 2271744
167 1024
168 1
169 2697058
170 16239
171 2
172 486
173 1392
174 942
175 16
176 1792
177 199018
178 2500
179 6404
180 243
181 1
182 0
183 2101941
184 32
185 162
186 1024
187 32
188 7776
189 81
190 11
191 32
192 25324
193 32
194 512
195 7776
196 537824
197 23533
198 1
199 5184
200 459972
201 13156620
202 685098
203 1
204 1
205 342732
206 512
207 24694
208 94055088720
209 4096
210 16
211 1
212 243
213 1
214 32
215 2338693
216 1
217 4363184
218 0
219 324
220 1
221 32768
222 13400
223 1
224 29282
225 243
226 16
227 32
228 2
229 270
230 35708600
231 1
232 78732
233 177291
234 1
235 32
236 0
237 48
238 0
239 1252206
240 32
241 243
242 4880
243 165645
244 542480
245 914804
246 18361
247 1
248 1024
249 32
250 172450
251 1024
252 1
253 4
254 1
255 32
256 0
257 243
258 1250
259 1024
260 0
261 0
262 607072
263 77341
264 100000
265 1
266 364224
267 32
268 243
269 32
270 100000
271 5184
272 1
273 32768
274 1
275 324
276 3
277 1
278 243
279 1875
280 1
281 364224
282 16384
283 2
284 32
285 32
286 1536
287 0
288 32
289 32
290 324
291 72225
292 243
293 2
294 32
295 243
296 136700096
297 152584628
298 635769
299 16807
300 64
301 100000
302 2
303 7203
304 9289728
305 22047996
306 652547
307 1
308 5000
309 1724
310 8605184
311 3888
312 48
313 486
314 1024
315 3
316 65610
317 8192
318 32
319 944784
320 243
321 1
322 1188
323 1750329
324 51492
325 32
326 102487
327 7978050
328 313543
329 1163142691
330 32432791608
331 486
332 2
333 1
334 7776
335 248832
336 124416
337 28408
338 1024
339 78627700
340 36742
341 2
342 42918358
343 5696960
344 1024
345 14625
346 32768
347 16384
348 66110044
349 1
350 467320
351 387404
352 3125
353 16384
354 1957831
355 1024
356 100000
357 0
358 2
359 3125
360 1
361 1
362 32
363 243
364 759375
365 54095736
366 1024
367 1
368 72616875
369 243
370 74128
371 42060
372 162
373 99919736
374 28672
375 8252437
376 37730998
377 32
378 100000
379 3072
380 269396
381 35503
382 32
383 1
384 15552
385 1226927
386 16
387 2326101
388 3569541
389 3
390 243
391 96
392 46921538
393 243
394 0
395 1024
396 1024
397 80
398 2401
399 1120889
400 3125
401 324
402 32
403 184756
404 324
405 1
406 1
407 16
408 32
409 16
410 80
411 10000
412 1024
413 25823400
414 73809
415 81
416 49152
417 308128
418 32
419 32
420 48627
421 5625
422 243
423 6480
424 32
425 3
426 1024
427 3125
428 32472
429 7776
430 128
431 0
432 1
433 32
434 59049
435 243
436 30090435
437 324
438 32
439 184756
440 90000
441 103680
442 7776
443 2
444 16
445 1024
446 1024
447 3750
448 7776
449 14406
450 81
451 1
452 6480
453 0
454 1792
455 27664
456 0
457 3124
458 8571
459 32
460 7196280710
461 2345778
462 32
463 16
464 80000
465 486
466 243
467 3384
468 2500
469 3125
470 324
471 3
472 3765883
473 3124
474 0
475 0
476 98840039
477 32
478 0
479 2950218
480 3750
481 1024
482 1
483 248832
484 1
485 931238
486 5567902560
487 0
488 2
489 0
490 4892416
491 32
492 2
493 1
494 20246
495 32
496 32
497 28611837
498 32
499 60000
500 7776
501 1649682
502 32
503 2
504 3319666149
505 32
506 25853708992
507 28824375
508 32
509 9468
510 586773
511 0
512 2089
513 853
514 1
515 69511
516 243
517 53672
518 112
519 0
520 32
521 1
522 2
523 16
524 32
525 1
526 243
527 162
528 64
529 90000
530 64
531 1
532 2
533 1024
534 32
535 324
536 41634
537 85353532
538 1
539 660190596
540 1
541 247638712
542 1536
543 15552
544 3125
545 1024
546 32
547 0
548 0
549 90000
550 4941
551 14406
552 58560
553 32
554 53437
555 1
556 1
557 1
558 32
559 32
560 2325
561 162
562 32
563 0
564 19240
565 147312
566 1114128
567 1
568 0
569 6289986
570 59049
571 3
572 324
573 375574
574 342
575 463272
576 2500
577 63
578 5184
579 1243144199
580 232
581 2
582 1024
583 1536
584 3454726
585 1457860
586 312114
587 32
588 2
589 243
590 0
591 32
592 1024
593 80
594 57524
595 7776
596 11013881
597 32
598 16
599 1
600 1024
601 756
602 32
603 1
604 5556
605 252
606 1024
607 100000
608 49064
609 1
610 32
611 1
612 1024
613 1
614 3072
615 1556804
616 768
617 32
618 243
619 1
620 7776
621 32
622 113087
623 2
624 1
625 31392
626 768
627 1
628 243
629 0
630 70041
631 24342852
632 1
633 59049
634 92898
635 18600576
636 363615
637 1
638 1
639 5184
640 3203835
641 2
642 7776
643 30171627
644 243
645 100000
646 16
647 2043928
648 2
649 111294325
650 1422
651 3381
652 32
653 82928
654 0
655 32
656 243
657 64
658 1024
659 1024
660 324
661 32
662 1
663 4
664 1
665 36420437
666 378648
667 32
668 1
669 239285966
670 1024
671 11
672 0
673 396
674 44992
675 89
676 248832
677 28186848
678 1024
679 1
680 32
681 942
682 1024
683 2
684 5048597
685 1
686 8720
687 20246
688 7776
689 117128
690 1536
691 16807
692 32
693 243
694 40574015
695 1024
696 0
697 243
698 3770
699 7776
700 2500
701 80000
702 69112
703 0
704 1
705 10588
706 1
707 3888
708 3640
709 2560000
710 27719967
711 3
712 32
713 16
714 371293
715 4563423
716 1012573
717 172
718 32
719 18432
720 0
721 0
722 121162
723 3125
724 243
725 1
726 243
727 0
728 32
729 32
730 911250
731 243
732 7203
733 324
734 1
735 141481
736 11
737 2
738 44352165
739 2
740 32
741 3
742 59049
743 32
744 49152
745 696150
746 2
747 1
748 3
749 1
750 768
751 324
752 7776
753 243
754 1
755 64
756 52607454
757 16
758 3067
759 2
760 3708300
761 2333772
762 13201
763 1024
764 162
765 2023715
766 16
767 100000
768 3085361054
769 45927
770 32
771 1
772 32
773 48
774 254186856
775 0
776 230230
777 8968500
778 16384
779 7915
780 5971875
781 0
782 33078
783 243
784 1792
785 3125
786 32
787 1
788 32
789 3
790 14406
791 2
792 0
793 0
794 53834
795 62512
796 2
797 128
798 243
799 9638202
800 1
801 43542
802 1
803 486
804 2
805 1875
806 12960
807 64
808 1024
809 243
810 213347317
811 6
812 243
813 2
814 1
815 32
816 186624
817 5004
818 1889568
819 6462816
820 64
821 9104
822 3
823 32
824 4110258
825 768
826 367446
827 365888
828 886836
829 1
830 2
831 2169
832 2
833 65610
834 1536
835 0
836 3559672
837 29599
838 1024
839 2
840 2377211
841 2
842 25259289
843 64
844 64
845 15552
846 2
847 1683
848 4
849 6656
850 324
851 0
852 14256
853 32768
854 1
855 1
856 16
857 4450868
858 7776
859 172296
860 243
861 11
862 1916175
863 1
864 3
865 4101802
866 26244
867 32
868 5184
869 32
870 2089
871 243
872 14406
873 243
874 1
875 1
876 5500
877 18046
878 16
879 1
880 2
881 243
882 3125
883 0
884 1
885 2
886 1
887 0
888 1992897
889 326403
890 243
891 81
892 252
893 1095572
894 1024
895 32
896 1
897 733276
898 476565
899 2424
900 8119
901 462996
902 1024
903 4452284
904 348120
905 7776
906 32768
907 3
908 16807
909 5184
910 32
911 2
912 7776
913 243
914 601120
915 16253
916 3
917 54270
918 5000
919 2308014
920 164530
921 243
922 32
923 3
924 10610
925 1
926 2
927 45602
928 32
929 4778240
930 32768
931 0
932 22632992
933 32
934 1536
935 768
936 3684840
937 32
938 169400
939 405
940 2
941 4320000
942 1237500
943 64
944 1
945 3459475
946 1
947 5654499
948 2729376
949 1
950 81
951 1
952 1259712
953 0
954 982729
955 4372864
956 1
957 3125
958 243
959 16
960 161051
961 243
962 1
963 64
964 1121099408
965 1
966 243
967 39366
968 598
969 32
970 3125
971 167696
972 1792
973 2
974 7776
975 7493847
976 96
977 7776
978 1
979 29550
980 243
981 94624
982 359472
983 4
984 537824
985 18533
986 243
987 1
988 243
989 1
990 689376
991 5625
992 6957
993 2
994 1
995 324
996 96
997 3125
998 2
999 32
1000 7776
sum 200153300916
